3
11
30
42
46
48
64
65
72
76
92
102
104
126
137
147
160
174
182
183
185
211
229
241
258
264
265
274
277
287
295
319
321
325
342
345
347
354
362
372
386
387
391
402
403
423
429
452
460
506
529
545
547
563
566
575
580
603
638
662
672
676
695
697
703
704
723
734
749
752
760
762
764
768
782
792
861
903
908
938
944
947
954
965
985
1019
1038
1050
1052
1053
1057
1060
1073
1075
1076
1078
1090
1092
1100
1114
1122
1139
1142
1145
1146
1167
1184
1192
1195
1202
1205
1206
1208
1212
1219
1257
1285
1293
1379
1399
1415
1422
1441
1443
1457
1468
1486
1497
1498
1502
1506
1553
1557
1561
1596
1597
1619
1634
1639
1643
1651
1665
1671
1696
1699
1702
1706
1714
1720
1729
1750
1753
1761
1766
1775
1788
1854
1865
1877
1893
1920
1925
1936
1937
1950
1961
1977
1978
1980
1984
1986
1993
1998
2035
2036
2038
2060
2064
2065
2067
2071
2105
2109
2112
2126
2157
2160
2164
2166
2167
2171
2179
2189
2206
2226
2241
2243
2248
2250
2263
2275
2278
2284
2303
2309
2321
2341
2344
2350
2365
2367
2373
2398
2406
2412
2424
2439
2443
2449
2476
2478
2483
2487
2517
2520
2545
2549
2571
2572
2588
2590
2661
2668
2672
2682
2688
2693
2707
2724
2731
2765
2769
2772
2773
2790
2799
2802
2804
2821
2831
2868
2885
2890
2895
2915
2918
2935
2972
2984
2998
3007
3009
3016
3024
3026
3038
3054
3057
3060
3065
3080
3087
3094
3143
3146
3152
3157
3164
3167
3178
3184
3189
3226
3235
3238
3244
3267
3282
3283
3291
3315
3326
3339
3344
3376
3383
3394
3403
3431
3435
3437
3456
3466
3471
3476
3507
3511
3513
3517
3519
3552
3561
3572
3591
3593
3611
3639
3651
3659
3676
3692
3706
3734
3738
3786
3791
3797
3809
3824
3826
3837
3844
3870
3877
3879
3883
3884
