0	3
100	5
101	2
10	2
102	1
103	3
104	1
105	5
106	2
107	1
108	1
109	2
111	1
11	2
112	5
113	1
115	1
116	6
118	3
119	4
120	6
122	1
123	6
12	4
126	4
127	1
129	3
1	3
130	2
13	1
131	5
132	1
133	1
134	1
135	3
136	1
137	2
138	2
139	1
140	1
14	1
143	1
145	4
146	2
147	1
148	2
150	1
152	4
154	3
155	1
156	3
15	7
157	2
158	2
159	3
160	3
16	3
164	4
165	2
166	2
167	1
168	1
169	2
170	1
172	2
17	3
173	2
174	1
175	2
177	1
178	2
179	5
180	1
181	2
182	2
183	1
184	1
187	1
18	8
190	2
192	1
194	1
19	5
197	2
198	2
200	3
201	1
203	4
204	3
206	2
207	3
20	8
208	3
209	1
2	1
212	2
21	3
214	2
216	2
217	2
219	2
220	1
22	1
223	2
224	1
227	1
23	3
233	1
236	1
239	1
241	1
242	1
243	1
24	5
250	3
251	1
253	1
25	8
261	1
262	1
26	4
27	1
271	1
273	1
279	1
281	1
28	2
287	1
294	1
30	1
31	6
32	1
3	3
33	2
34	3
35	5
36	3
37	5
38	4
39	3
40	2
41	2
42	1
43	3
44	5
45	6
46	4
4	7
47	8
48	4
49	2
50	2
5	1
51	2
52	5
53	2
54	2
55	2
56	2
57	2
58	2
59	5
60	5
61	4
62	1
63	4
66	4
6	7
67	1
68	7
69	1
70	2
71	3
7	2
72	6
74	2
75	2
76	3
77	3
78	3
79	1
80	1
81	3
82	2
8	3
83	1
84	3
85	1
86	5
87	4
88	6
89	1
91	3
9	2
92	4
93	3
94	2
97	1
98	5
99	2
