449
731
703
781
487
823
834
569
636
843
517
531
479
480
712
453
654
853
829
837
510
331
382
413
652
620
455
810
831
711
278
567
575
376
255
370
630
637
560
830
340
689
557
284
528
406
621
539
577
622
866
560
712
512
584
880
750
400
694
710
354
760
798
303
439
388
355
531
495
849
764
476
304
597
504
887
505
443
826
725
501
396
474
458
810
418
879
826
425
405
822
874
244
398
620
700
879
846
410
619
362
644
526
268
279
423
661
647
357
839
620
609
411
516
535
358
435
501
368
601
883
521
378
231
769
818
269
591
706
353
579
526
332
796
822
831
679
555
652
327
451
248
621
565
371
232
243
750
549
854
598
669
769
511
780
730
434
254
430
363
851
824
414
724
264
867
259
852
603
677
277
633
420
634
692
721
853
765
848
375
655
495
409
259
575
663
508
715
468
647
312
601
795
748
763
701
520
679
347
461
266
392
582
661
499
606
753
655
524
663
752
376
470
545
556
728
247
362
318
514
703
497
602
601
725
834
659
297
689
836
561
578
345
551
621
371
800
259
828
540
682
499
329
838
515
505
650
875
469
873
821
566
318
669
585
562
658
339
658
244
668
452
447
478
538
323
405
380
256
316
556
509
685
741
837
793
657
285
417
885
433
826
247
351
254
538
608
275
585
803
791
357
327
501
378
588
397
744
470
641
445
394
747
456
788
420
296
497
425
823
346
300
280
266
708
703
433
360
698
625
277
528
455
747
761
632
344
454
777
525
487
321
785
275
677
673
378
396
236
629
372
771
602
568
519
738
887
409
433
490
245
240
578
232
788
488
443
747
872
633
563
322
772
483
354
784
700
837
350
362
337
341
478
855
884
313
848
625
494
819
788
554
859
865
604
235
836
757
288
640
790
408
336
710
628
255
291
625
537
748
856
544
562
407
416
731
558
643
422
742
721
837
405
578
489
335
586
879
869
760
861
414
770
731
580
584
259
394
703
244
547
821
573
868
451
870
844
509
768
684
604
373
359
797
666
816
470
832
869
609
242
559
538
741
443
373
730
369
336
711
709
832
246
745
496
841
329
842
869
336
783
875
496
333
805
486
637
375
633
879
853
749
667
838
559
619
438
727
607
821
247
305
392
452
528
325
844
425
697
495
678
811
673
602
621
864
793
841
761
684
881
663
314
248
675
343
292
278
423
609
860
674
800
809
324
817
425
420
590
361
375
735
635
849
544
294
384
655
565
311
884
605
547
436
715
441
717
559
315
776
839
781
577
764
479
751
564
738
691
772
540
458
501
725
618
348
520
531
536
271
818
618
236
527
858
416
669
542
865
856
488
657
236
790
804
599
235
719
268
601
833
600
533
650
285
408
354
884
665
335
252
704
655
621
740
260
753
351
437
302
603
678
846
487
635
725
761
801
886
863
569
885
465
806
564
839
297
663
377
432
756
338
769
868
889
313
258
407
576
304
477
752
257
310
556
478
345
493
832
590
700
357
518
628
291
292
569
779
258
722
458
418
550
789
697
346
843
680
739
282
239
779
367
462
883
857
751
659
465
605
277
546
561
340
738
757
833
253
305
825
410
774
624
872
627
304
261
384
751
878
259
323
242
436
430
830
732
636
567
466
329
678
248
242
362
588
405
357
856
677
699
787
559
478
812
461
645
596
460
493
485
858
370
613
374
857
407
722
369
482
790
673
841
764
813
289
769
467
811
371
791
434
817
371
506
759
258
604
806
770
309
782
288
568
705
475
780
605
672
757
427
784
515
559
320
852
545
780
688
354
817
330
310
667
353
372
698
809
806
539
876
630
341
810
624
421
777
656
287
256
610
649
807
673
641
322
518
803
411
750
282
386
503
753
577
663
602
583
326
732
863
859
421
304
538
771
886
489
422
306
744
490
749
792
849
472
524
484
348
845
614
609
262
634
356
676
492
590
861
829
285
358
862
298
626
298
242
661
707
358
358
671
839
577
460
491
236
437
491
657
773
431
574
649
563
670
754
617
259
755
369
839
801
488
540
499
518
497
740
801
801
866
670
455
875
362
739
466
555
854
436
555
381
431
561
694
313
833
782
698
400
750
713
718
756
573
336
503
441
802
784
544
405
490
613
516
672
657
526
524
693
802
343
453
812
415
267
333
292
291
249
372
276
478
299
611
438
822
759
792
690
801
512
377
462
747
536
629
489
776
704
342
428
715
694
674
774
475
681
684
351
639
833
313
701
617
250
643
337
331
748
510
525
505
341
691
319
836
640
422
468
418
376
661
646
769
382
711
280
761
