756
405
767
286
672
25
789
487
958
871
922
983
966
311
499
610
26
620
406
67
686
37
167
138
953
361
547
493
533
229
444
590
499
962
28
394
471
534
37
133
676
738
421
819
327
944
487
633
984
625
308
847
813
192
408
215
298
933
856
183
45
153
815
264
418
988
357
267
546
274
168
558
364
892
698
583
144
230
356
839
797
555
96
998
816
431
214
759
719
157
852
306
662
847
388
782
793
341
420
589
293
257
198
853
833
740
960
870
897
262
61
238
953
546
471
59
897
32
668
452
120
535
282
441
366
567
837
471
621
536
929
346
668
123
302
554
984
871
696
470
3
935
911
932
367
804
848
690
418
203
879
178
505
371
960
862
869
37
916
325
803
397
27
156
559
107
466
323
462
293
117
929
993
355
453
546
391
496
588
519
919
821
601
704
763
633
806
82
542
963
442
56
861
801
202
405
24
626
306
235
333
902
40
34
132
500
304
863
646
383
11
820
970
518
248
64
638
49
438
319
801
740
96
885
312
619
901
756
40
633
921
214
342
765
385
285
542
684
314
898
483
268
644
629
748
796
222
419
936
615
579
558
330
390
626
740
824
934
441
917
28
109
303
204
746
669
271
125
80
176
943
822
854
133
196
336
401
505
118
929
411
294
879
419
842
89
754
608
169
707
87
454
589
347
144
462
10
999
164
70
345
276
602
118
458
439
718
917
693
209
860
820
666
197
438
818
40
797
482
556
922
62
409
964
162
181
992
788
71
672
683
154
189
404
255
167
179
414
202
611
261
341
470
944
515
771
835
408
358
696
217
836
777
576
415
654
410
893
83
371
342
821
244
748
186
221
641
708
367
181
528
253
829
20
657
857
974
395
452
381
455
84
825
368
655
62
237
615
240
113
203
401
676
447
40
669
685
138
287
968
35
99
223
342
142
77
55
841
832
645
941
920
591
743
309
809
999
428
995
541
197
367
845
442
432
151
238
861
666
532
293
109
318
184
390
658
369
401
631
284
996
449
381
432
235
697
496
787
915
69
41
597
759
342
78
365
638
705
797
154
637
863
231
929
447
386
731
254
353
307
490
587
559
230
306
880
646
645
199
491
899
168
507
894
174
561
345
834
65
873
962
619
499
303
940
36
931
405
717
241
611
740
462
563
424
472
479
872
428
734
37
857
812
70
794
980
397
635
605
573
447
436
499
830
483
935
931
265
460
822
284
199
21
155
591
213
222
126
194
157
149
408
455
425
218
886
134
81
63
280
670
175
223
861
140
503
271
250
69
213
310
18
942
242
876
847
585
102
503
140
249
831
578
984
823
329
532
486
703
458
804
995
963
422
504
390
329
965
639
104
916
492
51
452
232
508
268
716
679
225
342
809
27
377
894
288
652
469
542
386
720
41
936
59
122
774
271
355
985
357
366
995
643
719
654
928
236
451
964
976
111
701
429
743
27
4
795
715
36
537
914
659
739
9
818
343
922
357
922
829
156
282
510
295
754
409
965
473
150
238
860
140
404
849
453
559
518
932
460
217
124
503
265
240
681
92
998
488
212
532
466
278
543
818
509
796
215
294
145
594
845
188
48
717
241
277
261
94
796
2
950
53
76
805
504
259
993
674
779
429
122
453
382
498
377
491
263
712
975
759
561
906
60
578
302
750
807
986
754
359
392
216
185
220
152
193
578
430
170
109
730
553
281
680
472
528
898
683
853
913
559
697
759
413
779
192
305
211
976
823
208
868
836
127
33
155
913
244
638
568
915
128
798
903
866
321
117
424
991
499
155
351
143
638
48
286
456
210
605
48
544
437
980
458
194
228
922
682
562
808
168
930
164
530
218
624
58
910
101
223
217
725
360
382
22
915
389
885
87
435
186
189
499
257
233
602
482
210
705
675
678
447
128
447
213
58
703
978
605
268
643
577
572
487
249
454
211
229
525
47
797
20
181
808
958
656
732
949
129
613
809
142
197
230
925
509
652
748
611
153
205
432
974
556
118
845
150
63
3
391
787
478
967
710
243
199
933
778
633
88
646
358
264
914
94
813
128
561
853
354
509
348
854
484
478
785
53
742
555
207
988
188
587
768
671
823
162
939
599
434
663
688
295
557
57
148
465
35
523
870
919
115
815
209
910
446
105
64
813
892
998
157
374
686
123
757
839
392
238
757
476
406
427
574
912
970
633
702
643
502
822
431
374
862
120
285
765
597
969
738
738
212
126
261
352
792
690
616
683
722
417
107
552
348
947
76
852
386
227
408
521
846
849
455
169
171
547
266
713
924
