349
176
223
413
695
386
721
869
203
290
330
39
783
692
396
773
441
550
390
560
52
105
413
620
422
181
689
726
177
265
235
281
511
229
769
11
706
521
62
76
710
129
459
227
323
515
134
445
402
418
200
362
689
241
574
100
762
464
560
497
601
229
378
673
559
30
89
668
142
91
747
451
210
194
914
350
370
375
806
538
377
899
70
434
72
48
609
277
241
797
818
574
114
346
795
699
319
428
220
714
646
723
520
829
460
510
590
827
101
490
614
776
230
727
292
465
942
421
458
696
892
125
740
286
558
280
221
358
66
903
672
910
509
757
536
199
310
331
930
510
264
470
244
498
425
312
101
499
764
377
737
782
119
545
641
926
350
293
245
918
192
148
711
660
812
928
846
163
509
474
902
377
440
18
473
884
514
689
541
506
61
697
143
52
452
884
775
584
341
473
121
95
305
355
859
219
108
930
707
399
494
459
685
403
949
833
733
426
418
51
780
587
216
868
565
503
529
670
568
112
860
705
794
71
632
355
389
448
723
239
733
456
382
601
255
198
825
440
295
454
856
814
915
340
613
822
39
675
597
242
245
83
460
481
564
727
287
377
259
426
853
278
731
950
531
621
326
185
187
802
208
596
233
26
623
443
922
489
405
488
414
623
317
371
761
366
253
97
813
157
39
472
170
782
436
811
850
177
948
79
897
464
859
279
925
231
129
269
333
69
97
290
577
29
825
258
925
911
270
792
615
590
718
878
507
665
742
508
232
890
29
333
439
587
750
557
716
108
365
135
929
273
854
838
140
539
896
97
622
554
857
418
528
452
131
130
164
395
539
847
195
689
717
311
291
791
525
83
215
564
313
507
133
677
562
564
139
718
423
235
815
398
397
269
699
648
320
571
336
147
442
466
855
667
192
170
835
801
566
796
476
364
82
656
345
928
577
700
110
887
215
472
390
820
557
535
289
321
219
891
292
613
833
909
536
92
219
153
435
403
335
326
168
742
629
454
525
544
375
518
348
718
49
335
748
763
588
99
875
841
137
718
183
750
672
814
830
794
55
561
722
289
342
149
121
682
154
135
860
662
405
290
774
644
174
166
48
32
345
840
140
183
190
913
413
905
614
132
40
693
478
422
50
792
26
240
324
798
151
711
847
371
263
333
133
804
112
270
295
248
363
617
182
76
652
333
688
590
521
758
558
650
683
894
802
743
896
100
600
526
62
394
236
920
285
141
313
96
817
384
833
360
12
526
725
97
633
660
97
561
832
724
168
671
931
288
644
929
878
663
717
213
788
293
378
297
737
309
316
927
539
254
233
640
461
698
540
199
487
890
188
15
592
624
441
404
891
207
725
588
462
842
393
883
659
692
398
826
231
660
652
15
630
675
615
478
612
509
903
753
868
401
714
58
240
251
468
242
537
728
907
90
172
52
48
588
103
740
414
833
383
579
382
434
345
377
207
763
486
332
29
449
555
683
935
466
763
896
779
19
927
720
780
489
405
387
156
586
351
950
513
825
912
108
668
408
412
154
821
527
181
367
173
22
554
528
355
583
741
844
697
162
153
820
43
866
730
888
159
51
197
892
663
232
779
434
583
177
332
363
603
828
642
406
574
644
235
808
15
140
205
515
138
267
844
899
837
126
654
893
562
551
413
703
368
236
62
153
785
369
53
406
661
443
64
241
581
923
905
87
49
671
153
806
749
793
405
750
511
352
936
115
206
202
567
25
858
121
103
516
232
791
527
227
242
643
401
403
680
37
76
264
600
803
606
786
907
207
778
341
863
808
154
361
751
208
728
457
86
344
267
273
698
236
527
215
54
372
879
938
134
593
757
366
667
44
808
233
748
822
853
774
896
642
239
188
308
551
398
930
217
407
116
166
633
510
839
639
776
565
11
886
933
557
738
203
237
208
57
622
414
192
214
293
35
185
220
730
776
50
639
352
849
322
473
172
814
221
267
649
945
589
366
32
574
322
75
884
413
92
126
584
539
193
238
320
647
258
528
114
880
730
760
339
465
469
938
818
231
112
614
194
730
152
83
294
479
514
343
113
720
814
665
854
136
407
635
809
406
540
864
454
803
784
736
941
498
789
20
184
215
44
815
264
129
139
930
153
201
156
270
592
911
63
382
864
853
940
708
241
877
326
563
565
277
341
317
443
420
903
85
693
64
586
846
264
98
264
570
344
200
782
393
860
683
490
18
343
425
222
740
613
935
226
798
115
660
373
713
539
864
312
424
269
895
794
382
21
901
295
641
805
469
831
535
26
104
673
330
444
