286
401
754
78
814
88
792
882
131
193
863
304
386
276
247
396
998
267
589
110
888
885
163
311
762
976
913
421
880
129
859
733
567
590
204
177
236
612
787
619
105
286
837
957
605
857
981
326
478
337
290
768
269
864
85
410
175
524
324
203
300
158
187
291
952
95
633
667
820
293
238
258
679
147
600
720
294
668
572
513
989
563
523
949
372
276
527
686
334
668
98
195
673
448
726
330
309
83
483
224
730
359
96
225
561
843
245
179
293
566
237
811
214
613
358
108
835
561
96
683
178
896
767
523
158
461
539
874
983
580
451
435
309
593
862
683
801
732
371
464
497
951
287
838
901
631
806
766
372
959
324
849
689
819
432
858
446
784
686
721
724
515
958
89
153
255
652
546
514
481
728
406
201
775
501
308
701
490
399
382
715
82
261
216
560
860
924
383
476
727
487
507
369
759
382
503
431
799
191
320
963
566
678
380
673
221
182
159
76
560
150
988
369
467
378
819
321
629
340
502
560
997
479
457
488
930
423
213
644
384
428
286
227
400
238
668
943
178
473
202
290
502
536
417
927
364
628
615
234
590
865
130
973
319
851
400
938
126
768
537
636
583
398
598
912
604
276
529
559
645
882
898
906
103
962
156
522
131
705
330
250
261
600
915
293
735
779
734
902
975
841
572
993
839
434
264
132
270
96
264
632
572
225
760
846
545
310
910
274
192
321
775
783
690
580
305
353
152
684
664
810
677
377
417
525
424
862
311
723
819
631
599
512
883
272
881
621
250
814
913
751
251
183
779
933
391
820
657
806
414
403
298
339
613
827
484
779
221
878
176
799
695
411
820
913
679
210
549
566
608
773
571
462
709
613
802
959
82
263
591
233
301
672
424
188
723
289
250
661
511
570
468
619
843
973
701
433
941
148
835
946
627
593
810
244
501
599
320
641
884
647
169
150
299
302
911
665
329
602
516
310
582
660
549
653
478
348
523
912
973
930
316
218
693
317
640
887
233
139
325
567
393
594
107
461
433
775
551
475
700
547
974
114
723
514
744
730
488
989
283
183
608
521
983
87
770
703
77
831
510
94
931
910
133
198
212
183
648
992
968
871
332
545
342
285
205
870
264
566
124
906
629
448
647
620
824
865
154
762
346
980
992
970
208
266
453
188
504
619
774
540
647
387
972
533
437
966
688
644
973
368
221
665
330
541
884
756
954
739
583
787
557
488
305
510
611
83
724
337
613
534
853
141
837
893
862
372
676
743
370
120
486
487
227
938
729
224
443
240
410
768
215
337
643
237
166
666
386
398
404
892
802
960
387
107
818
119
555
394
253
111
236
985
633
709
565
799
124
725
790
304
91
849
113
248
919
609
639
545
622
424
254
700
783
278
238
557
157
627
629
583
231
177
99
509
864
518
507
112
904
271
832
403
980
720
319
203
876
145
769
817
571
624
954
853
290
988
194
428
336
398
353
189
245
899
592
555
386
961
281
599
454
352
355
911
449
519
905
972
748
540
700
673
253
877
422
376
535
825
171
768
394
198
261
634
747
169
636
372
645
942
640
674
931
596
947
692
909
379
967
267
660
460
656
649
504
446
350
950
184
839
609
219
547
222
156
192
530
126
690
837
502
505
727
902
651
555
201
650
241
337
949
748
976
95
292
418
779
688
680
924
868
656
918
813
552
149
699
885
822
740
358
709
758
904
831
984
370
820
530
101
306
636
908
928
524
622
649
912
919
587
86
273
332
834
834
406
794
792
449
341
401
280
487
768
168
763
681
84
835
986
985
406
607
735
113
670
434
683
332
535
439
654
726
158
615
293
273
738
812
120
228
313
953
687
578
492
626
427
490
929
276
349
995
458
825
521
840
404
308
93
157
788
112
866
677
134
877
358
941
421
155
231
697
432
116
419
862
936
532
988
633
190
119
455
687
796
657
255
458
830
77
364
433
226
359
606
431
705
116
467
384
85
604
285
702
611
485
595
405
931
431
224
530
658
119
624
727
458
353
937
424
374
208
850
759
99
181
649
716
436
754
416
204
814
354
596
269
494
271
770
626
310
520
745
651
438
338
383
894
134
209
94
451
722
807
580
952
635
468
669
191
143
203
286
896
986
950
246
216
327
274
810
590
546
101
218
511
183
179
111
221
262
186
952
116
641
134
180
168
649
652
225
787
584
989
322
544
447
938
392
485
936
749
402
854
396
771
392
280
219
807
901
598
496
257
854
246
810
450
238
202
337
654
331
767
886
383
743
987
720
823
305
153
159
821
427
782
283
598
