756
405
767
286
672
25
789
487
958
871
922
983
966
311
499
610
26
620
406
67
686
37
167
138
953
361
547
493
533
229
444
590
499
962
28
394
471
534
37
133
676
738
421
819
327
944
487
633
984
625
308
847
813
192
408
215
298
933
856
183
45
153
815
264
418
988
357
267
546
274
168
558
364
892
698
583
144
230
356
839
797
555
96
998
816
431
214
759
719
157
852
306
662
847
388
782
793
341
420
589
293
257
198
853
833
740
960
870
897
262
61
238
953
546
471
59
897
32
668
452
120
535
282
441
366
567
837
471
621
536
929
346
668
123
302
554
984
871
696
470
3
935
911
932
367
804
848
690
418
203
879
178
505
371
960
862
869
37
916
325
803
397
27
156
559
107
466
323
462
293
117
929
993
355
453
546
391
496
588
519
919
821
601
704
763
633
806
82
542
963
442
56
861
801
202
405
24
626
306
235
333
902
40
34
132
500
304
863
646
383
11
820
970
518
248
64
638
49
438
319
801
740
96
885
312
619
901
756
40
633
921
214
342
765
385
285
542
684
314
898
483
268
644
629
748
796
222
419
936
615
579
558
330
390
626
740
824
934
441
917
28
109
303
204
746
669
271
125
80
176
943
822
854
133
196
336
401
505
118
929
411
294
879
419
842
89
754
608
169
707
87
454
589
347
144
462
10
999
164
70
345
276
602
118
458
439
718
917
693
209
860
820
666
197
438
818
40
797
482
556
922
62
409
964
162
181
992
788
71
672
683
154
189
404
255
167
179
414
202
611
261
341
470
944
515
771
835
408
358
696
217
836
777
576
415
654
410
893
83
371
342
821
244
748
186
221
641
708
367
181
528
253
829
20
657
857
974
395
452
381
455
84
825
368
655
62
237
615
240
113
203
401
676
447
40
669
685
138
287
968
35
99
223
342
142
77
55
841
832
645
941
920
591
743
309
809
999
428
995
541
197
367
845
442
432
151
238
861
666
532
293
109
318
184
390
658
369
401
631
284
996
449
381
432
235
697
496
787
915
69
41
597
759
342
78
365
638
705
797
154
637
863
231
929
447
386
731
254
353
307
490
587
559
230
306
880
646
645
199
491
899
168
507
894
174
561
345
834
65
873
962
619
499
303
940
36
931
405
717
241
611
740
462
563
424
472
479
872
428
734
37
857
812
70
794
980
397
635
605
573
447
436
499
830
483
935
931
265
460
822
284
199
21
155
591
213
222
126
194
157
149
408
455
425
218
886
134
81
63
280
670
175
223
861
140
503
271
250
69
213
310
18
942
242
876
847
585
102
503
140
249
831
578
984
823
329
532
486
703
458
804
995
963
422
504
390
329
965
639
104
916
492
51
452
232
508
268
716
679
225
342
809
27
377
894
288
652
469
542
386
720
41
936
59
122
774
271
355
985
357
366
995
643
719
654
928
236
451
964
976
111
701
429
743
27
4
795
715
36
537
914
659
739
9
818
343
922
357
922
829
156
282
510
295
754
409
965
473
150
238
860
140
404
849
453
559
518
932
460
217
124
503
265
240
681
92
998
488
212
532
466
278
543
818
509
796
215
294
145
594
845
188
48
717
241
277
261
94
796
2
950
53
76
805
504
259
993
674
779
429
122
453
382
498
377
491
263
712
975
759
561
906
60
578
302
750
807
986
754
359
392
216
185
220
152
193
578
430
170
109
730
553
281
680
472
528
898
683
853
913
559
697
759
413
779
192
305
211
976
823
208
868
836
127
33
155
913
244
638
568
915
128
798
903
866
321
117
424
991
499
155
351
143
638
48
286
456
210
605
48
544
437
980
458
194
228
922
682
562
808
168
930
164
530
218
624
58
910
101
223
217
725
360
382
22
915
389
885
87
435
186
189
499
257
233
602
482
210
705
675
678
447
128
447
213
58
703
978
605
268
643
577
572
487
249
454
211
229
525
47
797
20
181
808
958
656
732
949
129
613
809
142
197
230
925
509
652
748
611
153
205
432
974
556
118
845
150
63
3
391
787
478
967
710
243
199
933
778
633
88
646
358
264
914
94
813
128
561
853
354
509
348
854
484
478
785
53
742
555
207
988
188
587
768
671
823
162
939
599
434
663
688
295
557
57
148
465
35
523
870
919
115
815
209
910
446
105
64
813
892
998
157
374
686
123
757
839
392
238
757
476
406
427
574
912
970
633
702
643
502
822
431
374
862
120
285
765
597
969
738
738
212
126
261
352
792
690
616
683
722
417
107
552
348
947
76
852
386
227
408
521
846
849
455
169
171
547
266
713
924
349
176
223
413
695
386
721
869
203
290
330
39
783
692
396
773
441
550
390
560
52
105
413
620
422
181
689
726
177
265
235
281
511
229
769
11
706
521
62
76
710
129
459
227
323
515
134
445
402
418
200
362
689
241
574
100
762
464
560
497
601
229
378
673
559
30
89
668
142
91
747
451
210
194
914
350
370
375
806
538
377
899
70
434
72
48
609
277
241
797
818
574
114
346
795
699
319
428
220
714
646
723
520
829
460
510
590
827
101
490
614
776
230
727
292
465
942
421
458
696
892
125
740
286
558
280
221
358
66
903
672
910
509
757
536
199
310
331
930
510
264
470
244
498
425
312
101
499
764
377
737
782
119
545
641
926
350
293
245
918
192
148
711
660
812
928
846
163
509
474
902
377
440
18
473
884
514
689
541
506
61
697
143
52
452
884
775
584
341
473
121
95
305
355
859
219
108
930
707
399
494
459
685
403
949
833
733
426
418
51
780
587
216
868
565
503
529
670
568
112
860
705
794
71
632
355
389
448
723
239
733
456
382
601
255
198
825
440
295
454
856
814
915
340
613
822
39
675
597
242
245
83
460
481
564
727
287
377
259
426
853
278
731
950
531
621
326
185
187
802
208
596
233
26
623
443
922
489
405
488
414
623
317
371
761
366
253
97
813
157
39
472
170
782
436
811
850
177
948
79
897
464
859
279
925
231
129
269
333
69
97
290
577
29
825
258
925
911
270
792
615
590
718
878
507
665
742
508
232
890
29
333
439
587
750
557
716
108
365
135
929
273
854
838
140
539
896
97
622
554
857
418
528
452
131
130
164
395
539
847
195
689
717
311
291
791
525
83
215
564
313
507
133
677
562
564
139
718
423
235
815
398
397
269
699
648
320
571
336
147
442
466
855
667
192
170
835
801
566
796
476
364
82
656
345
928
577
700
110
887
215
472
390
820
557
535
289
321
219
891
292
613
833
909
536
92
219
153
435
403
335
326
168
742
629
454
525
544
375
518
348
718
49
335
748
763
588
99
875
841
137
718
183
750
672
814
830
794
55
561
722
289
342
149
121
682
154
135
860
662
405
290
774
644
174
166
48
32
345
840
140
183
190
913
413
905
614
132
40
693
478
422
50
792
26
240
324
798
151
711
847
371
263
333
133
804
112
270
295
248
363
617
182
76
652
333
688
590
521
758
558
650
683
894
802
743
896
100
600
526
62
394
236
920
285
141
313
96
817
384
833
360
12
526
725
97
633
660
97
561
832
724
168
671
931
288
644
929
878
663
717
213
788
293
378
297
737
309
316
927
539
254
233
640
461
698
540
199
487
890
188
15
592
624
441
404
891
207
725
588
462
842
393
883
659
692
398
826
231
660
652
15
630
675
615
478
612
509
903
753
868
401
714
58
240
251
468
242
537
728
907
90
172
52
48
588
103
740
414
833
383
579
382
434
345
377
207
763
486
332
29
449
555
683
935
466
763
896
779
19
927
720
780
489
405
387
156
586
351
950
513
825
912
108
668
408
412
154
821
527
181
367
173
22
554
528
355
583
741
844
697
162
153
820
43
866
730
888
159
51
197
892
663
232
779
434
583
177
332
363
603
828
642
406
574
644
235
808
15
140
205
515
138
267
844
899
837
126
654
893
562
551
413
703
368
236
62
153
785
369
53
406
661
443
64
241
581
923
905
87
49
671
153
806
749
793
405
750
511
352
936
115
206
202
567
25
858
121
103
516
232
791
527
227
242
643
401
403
680
37
76
264
600
803
606
786
907
207
778
341
863
808
154
361
751
208
728
457
86
344
267
273
698
236
527
215
54
372
879
938
134
593
757
366
667
44
808
233
748
822
853
774
896
642
239
188
308
551
398
930
217
407
116
166
633
510
839
639
776
565
11
886
933
557
738
203
237
208
57
622
414
192
214
293
35
185
220
730
776
50
639
352
849
322
473
172
814
221
267
649
945
589
366
32
574
322
75
884
413
92
126
584
539
193
238
320
647
258
528
114
880
730
760
339
465
469
938
818
231
112
614
194
730
152
83
294
479
514
343
113
720
814
665
854
136
407
635
809
406
540
864
454
803
784
736
941
498
789
20
184
215
44
815
264
129
139
930
153
201
156
270
592
911
63
382
864
853
940
708
241
877
326
563
565
277
341
317
443
420
903
85
693
64
586
846
264
98
264
570
344
200
782
393
860
683
490
18
343
425
222
740
613
935
226
798
115
660
373
713
539
864
312
424
269
895
794
382
21
901
295
641
805
469
831
535
26
104
673
330
444
286
401
754
78
814
88
792
882
131
193
863
304
386
276
247
396
998
267
589
110
888
885
163
311
762
976
913
421
880
129
859
733
567
590
204
177
236
612
787
619
105
286
837
957
605
857
981
326
478
337
290
768
269
864
85
410
175
524
324
203
300
158
187
291
952
95
633
667
820
293
238
258
679
147
600
720
294
668
572
513
989
563
523
949
372
276
527
686
334
668
98
195
673
448
726
330
309
83
483
224
730
359
96
225
561
843
245
179
293
566
237
811
214
613
358
108
835
561
96
683
178
896
767
523
158
461
539
874
983
580
451
435
309
593
862
683
801
732
371
464
497
951
287
838
901
631
806
766
372
959
324
849
689
819
432
858
446
784
686
721
724
515
958
89
153
255
652
546
514
481
728
406
201
775
501
308
701
490
399
382
715
82
261
216
560
860
924
383
476
727
487
507
369
759
382
503
431
799
191
320
963
566
678
380
673
221
182
159
76
560
150
988
369
467
378
819
321
629
340
502
560
997
479
457
488
930
423
213
644
384
428
286
227
400
238
668
943
178
473
202
290
502
536
417
927
364
628
615
234
590
865
130
973
319
851
400
938
126
768
537
636
583
398
598
912
604
276
529
559
645
882
898
906
103
962
156
522
131
705
330
250
261
600
915
293
735
779
734
902
975
841
572
993
839
434
264
132
270
96
264
632
572
225
760
846
545
310
910
274
192
321
775
783
690
580
305
353
152
684
664
810
677
377
417
525
424
862
311
723
819
631
599
512
883
272
881
621
250
814
913
751
251
183
779
933
391
820
657
806
414
403
298
339
613
827
484
779
221
878
176
799
695
411
820
913
679
210
549
566
608
773
571
462
709
613
802
959
82
263
591
233
301
672
424
188
723
289
250
661
511
570
468
619
843
973
701
433
941
148
835
946
627
593
810
244
501
599
320
641
884
647
169
150
299
302
911
665
329
602
516
310
582
660
549
653
478
348
523
912
973
930
316
218
693
317
640
887
233
139
325
567
393
594
107
461
433
775
551
475
700
547
974
114
723
514
744
730
488
989
283
183
608
521
983
87
770
703
77
831
510
94
931
910
133
198
212
183
648
992
968
871
332
545
342
285
205
870
264
566
124
906
629
448
647
620
824
865
154
762
346
980
992
970
208
266
453
188
504
619
774
540
647
387
972
533
437
966
688
644
973
368
221
665
330
541
884
756
954
739
583
787
557
488
305
510
611
83
724
337
613
534
853
141
837
893
862
372
676
743
370
120
486
487
227
938
729
224
443
240
410
768
215
337
643
237
166
666
386
398
404
892
802
960
387
107
818
119
555
394
253
111
236
985
633
709
565
799
124
725
790
304
91
849
113
248
919
609
639
545
622
424
254
700
783
278
238
557
157
627
629
583
231
177
99
509
864
518
507
112
904
271
832
403
980
720
319
203
876
145
769
817
571
624
954
853
290
988
194
428
336
398
353
189
245
899
592
555
386
961
281
599
454
352
355
911
449
519
905
972
748
540
700
673
253
877
422
376
535
825
171
768
394
198
261
634
747
169
636
372
645
942
640
674
931
596
947
692
909
379
967
267
660
460
656
649
504
446
350
950
184
839
609
219
547
222
156
192
530
126
690
837
502
505
727
902
651
555
201
650
241
337
949
748
976
95
292
418
779
688
680
924
868
656
918
813
552
149
699
885
822
740
358
709
758
904
831
984
370
820
530
101
306
636
908
928
524
622
649
912
919
587
86
273
332
834
834
406
794
792
449
341
401
280
487
768
168
763
681
84
835
986
985
406
607
735
113
670
434
683
332
535
439
654
726
158
615
293
273
738
812
120
228
313
953
687
578
492
626
427
490
929
276
349
995
458
825
521
840
404
308
93
157
788
112
866
677
134
877
358
941
421
155
231
697
432
116
419
862
936
532
988
633
190
119
455
687
796
657
255
458
830
77
364
433
226
359
606
431
705
116
467
384
85
604
285
702
611
485
595
405
931
431
224
530
658
119
624
727
458
353
937
424
374
208
850
759
99
181
649
716
436
754
416
204
814
354
596
269
494
271
770
626
310
520
745
651
438
338
383
894
134
209
94
451
722
807
580
952
635
468
669
191
143
203
286
896
986
950
246
216
327
274
810
590
546
101
218
511
183
179
111
221
262
186
952
116
641
134
180
168
649
652
225
787
584
989
322
544
447
938
392
485
936
749
402
854
396
771
392
280
219
807
901
598
496
257
854
246
810
450
238
202
337
654
331
767
886
383
743
987
720
823
305
153
159
821
427
782
283
598
530
482
494
607
573
652
363
53
200
425
380
587
640
75
49
69
53
188
127
181
278
451
195
646
485
402
367
476
384
313
119
644
179
337
525
621
583
130
223
474
573
378
149
271
587
523
126
60
227
249
356
55
627
564
523
508
64
525
117
611
387
440
126
184
404
111
410
357
449
106
423
362
546
382
549
57
341
168
568
402
538
390
382
184
518
571
121
172
559
239
519
553
483
141
215
589
329
45
565
524
501
177
497
357
478
280
437
523
382
532
644
50
597
199
333
79
379
260
500
563
621
239
612
191
579
126
94
160
640
616
451
310
239
509
426
611
549
148
162
283
206
662
323
266
441
70
124
202
250
311
227
394
297
470
454
371
637
572
612
562
131
162
629
410
380
173
573
156
216
245
603
200
68
596
503
475
383
522
166
245
140
326
629
132
641
376
283
348
351
98
610
542
82
170
331
350
355
238
120
231
659
70
585
108
172
322
115
219
551
333
301
208
404
357
285
338
433
251
198
201
263
336
351
402
91
632
144
115
464
167
388
327
216
442
453
313
193
164
417
244
506
166
352
552
284
503
420
279
597
431
142
141
607
298
346
279
574
474
549
214
222
149
153
452
429
624
150
434
378
619
315
322
480
634
517
134
558
209
80
520
232
461
104
642
341
639
227
601
172
131
541
546
77
534
116
166
168
379
360
177
234
233
422
286
303
367
526
277
569
439
315
647
460
530
604
304
155
465
584
62
472
327
463
185
488
357
183
116
111
558
253
247
476
427
166
160
114
186
494
146
512
241
229
256
250
77
650
528
176
671
599
550
251
181
187
252
359
588
335
402
194
495
308
244
289
613
247
422
420
119
73
442
264
421
597
476
524
296
498
360
660
662
202
179
318
261
611
642
238
484
154
338
91
636
112
498
244
237
124
63
146
77
646
171
470
349
188
184
377
639
371
458
192
315
452
568
68
598
654
415
662
244
60
457
61
201
167
341
335
579
89
315
529
225
138
623
224
301
192
166
577
120
631
184
392
48
68
508
214
48
406
368
473
173
502
347
616
237
379
56
535
237
580
297
506
387
536
447
390
368
629
479
468
87
323
581
281
516
83
167
146
369
142
81
47
146
211
217
58
329
667
288
240
149
594
426
468
181
236
466
239
538
304
203
668
496
71
115
486
330
296
274
552
567
566
609
288
578
632
296
447
669
202
283
283
75
531
418
218
476
384
584
594
475
463
540
414
423
584
285
629
290
541
209
479
190
552
231
317
420
327
555
339
477
151
256
52
495
405
291
109
141
506
601
635
176
590
199
157
453
88
550
568
513
281
470
286
191
659
160
416
292
397
541
287
386
183
135
473
253
312
431
617
219
394
203
665
185
221
129
495
127
643
95
406
131
567
554
473
431
488
477
247
236
81
459
192
160
286
611
203
646
331
128
218
609
56
106
568
77
462
117
215
496
92
440
65
576
587
275
115
246
250
319
97
385
122
469
382
136
469
569
59
169
193
329
661
124
141
44
368
636
181
108
668
312
398
454
562
171
268
652
66
354
550
53
72
191
179
99
585
459
540
208
219
540
303
589
130
76
468
502
285
360
582
335
120
328
338
570
453
630
446
338
286
544
203
151
503
566
493
348
446
471
406
113
299
570
361
164
224
141
189
353
596
613
323
581
52
583
640
634
80
515
436
613
214
221
342
127
584
320
400
554
370
476
316
450
178
151
112
147
231
211
470
97
447
321
607
295
211
599
451
592
373
115
585
151
114
637
396
260
576
219
646
374
332
313
88
488
513
594
118
126
654
557
362
383
458
156
249
648
580
181
549
573
558
450
407
581
70
597
553
289
645
422
435
405
74
421
551
489
464
279
62
170
536
121
385
379
540
406
296
467
578
633
197
319
504
608
293
206
592
183
322
319
441
135
81
107
318
199
398
614
456
187
335
565
654
623
555
46
624
55
214
74
320
203
440
396
517
334
557
386
595
112
616
460
199
181
560
175
440
212
442
532
188
481
513
106
44
278
293
546
94
210
528
670
397
465
619
528
61
79
156
464
655
442
663
285
147
67
633
627
579
426
320
87
180
582
481
302
54
255
588
160
488
153
156
542
81
97
621
105
218
562
288
576
466
164
249
227
655
626
106
170
366
344
176
203
100
197
524
472
387
340
46
111
601
608
364
372
164
575
315
81
350
194
267
480
664
48
224
377
203
130
276
607
477
271
631
453
152
636
64
426
62
387
608
230
669
335
77
563
132
489
287
275
375
366
510
585
567
533
321
103
402
425
171
174
449
731
703
781
487
823
834
569
636
843
517
531
479
480
712
453
654
853
829
837
510
331
382
413
652
620
455
810
831
711
278
567
575
376
255
370
630
637
560
830
340
689
557
284
528
406
621
539
577
622
866
560
712
512
584
880
750
400
694
710
354
760
798
303
439
388
355
531
495
849
764
476
304
597
504
887
505
443
826
725
501
396
474
458
810
418
879
826
425
405
822
874
244
398
620
700
879
846
410
619
362
644
526
268
279
423
661
647
357
839
620
609
411
516
535
358
435
501
368
601
883
521
378
231
769
818
269
591
706
353
579
526
332
796
822
831
679
555
652
327
451
248
621
565
371
232
243
750
549
854
598
669
769
511
780
730
434
254
430
363
851
824
414
724
264
867
259
852
603
677
277
633
420
634
692
721
853
765
848
375
655
495
409
259
575
663
508
715
468
647
312
601
795
748
763
701
520
679
347
461
266
392
582
661
499
606
753
655
524
663
752
376
470
545
556
728
247
362
318
514
703
497
602
601
725
834
659
297
689
836
561
578
345
551
621
371
800
259
828
540
682
499
329
838
515
505
650
875
469
873
821
566
318
669
585
562
658
339
658
244
668
452
447
478
538
323
405
380
256
316
556
509
685
741
837
793
657
285
417
885
433
826
247
351
254
538
608
275
585
803
791
357
327
501
378
588
397
744
470
641
445
394
747
456
788
420
296
497
425
823
346
300
280
266
708
703
433
360
698
625
277
528
455
747
761
632
344
454
777
525
487
321
785
275
677
673
378
396
236
629
372
771
602
568
519
738
887
409
433
490
245
240
578
232
788
488
443
747
872
633
563
322
772
483
354
784
700
837
350
362
337
341
478
855
884
313
848
625
494
819
788
554
859
865
604
235
836
757
288
640
790
408
336
710
628
255
291
625
537
748
856
544
562
407
416
731
558
643
422
742
721
837
405
578
489
335
586
879
869
760
861
414
770
731
580
584
259
394
703
244
547
821
573
868
451
870
844
509
768
684
604
373
359
797
666
816
470
832
869
609
242
559
538
741
443
373
730
369
336
711
709
832
246
745
496
841
329
842
869
336
783
875
496
333
805
486
637
375
633
879
853
749
667
838
559
619
438
727
607
821
247
305
392
452
528
325
844
425
697
495
678
811
673
602
621
864
793
841
761
684
881
663
314
248
675
343
292
278
423
609
860
674
800
809
324
817
425
420
590
361
375
735
635
849
544
294
384
655
565
311
884
605
547
436
715
441
717
559
315
776
839
781
577
764
479
751
564
738
691
772
540
458
501
725
618
348
520
531
536
271
818
618
236
527
858
416
669
542
865
856
488
657
236
790
804
599
235
719
268
601
833
600
533
650
285
408
354
884
665
335
252
704
655
621
740
260
753
351
437
302
603
678
846
487
635
725
761
801
886
863
569
885
465
806
564
839
297
663
377
432
756
338
769
868
889
313
258
407
576
304
477
752
257
310
556
478
345
493
832
590
700
357
518
628
291
292
569
779
258
722
458
418
550
789
697
346
843
680
739
282
239
779
367
462
883
857
751
659
465
605
277
546
561
340
738
757
833
253
305
825
410
774
624
872
627
304
261
384
751
878
259
323
242
436
430
830
732
636
567
466
329
678
248
242
362
588
405
357
856
677
699
787
559
478
812
461
645
596
460
493
485
858
370
613
374
857
407
722
369
482
790
673
841
764
813
289
769
467
811
371
791
434
817
371
506
759
258
604
806
770
309
782
288
568
705
475
780
605
672
757
427
784
515
559
320
852
545
780
688
354
817
330
310
667
353
372
698
809
806
539
876
630
341
810
624
421
777
656
287
256
610
649
807
673
641
322
518
803
411
750
282
386
503
753
577
663
602
583
326
732
863
859
421
304
538
771
886
489
422
306
744
490
749
792
849
472
524
484
348
845
614
609
262
634
356
676
492
590
861
829
285
358
862
298
626
298
242
661
707
358
358
671
839
577
460
491
236
437
491
657
773
431
574
649
563
670
754
617
259
755
369
839
801
488
540
499
518
497
740
801
801
866
670
455
875
362
739
466
555
854
436
555
381
431
561
694
313
833
782
698
400
750
713
718
756
573
336
503
441
802
784
544
405
490
613
516
672
657
526
524
693
802
343
453
812
415
267
333
292
291
249
372
276
478
299
611
438
822
759
792
690
801
512
377
462
747
536
629
489
776
704
342
428
715
694
674
774
475
681
684
351
639
833
313
701
617
250
643
337
331
748
510
525
505
341
691
319
836
640
422
468
418
376
661
646
769
382
711
280
761
