530
482
494
607
573
652
363
53
200
425
380
587
640
75
49
69
53
188
127
181
278
451
195
646
485
402
367
476
384
313
119
644
179
337
525
621
583
130
223
474
573
378
149
271
587
523
126
60
227
249
356
55
627
564
523
508
64
525
117
611
387
440
126
184
404
111
410
357
449
106
423
362
546
382
549
57
341
168
568
402
538
390
382
184
518
571
121
172
559
239
519
553
483
141
215
589
329
45
565
524
501
177
497
357
478
280
437
523
382
532
644
50
597
199
333
79
379
260
500
563
621
239
612
191
579
126
94
160
640
616
451
310
239
509
426
611
549
148
162
283
206
662
323
266
441
70
124
202
250
311
227
394
297
470
454
371
637
572
612
562
131
162
629
410
380
173
573
156
216
245
603
200
68
596
503
475
383
522
166
245
140
326
629
132
641
376
283
348
351
98
610
542
82
170
331
350
355
238
120
231
659
70
585
108
172
322
115
219
551
333
301
208
404
357
285
338
433
251
198
201
263
336
351
402
91
632
144
115
464
167
388
327
216
442
453
313
193
164
417
244
506
166
352
552
284
503
420
279
597
431
142
141
607
298
346
279
574
474
549
214
222
149
153
452
429
624
150
434
378
619
315
322
480
634
517
134
558
209
80
520
232
461
104
642
341
639
227
601
172
131
541
546
77
534
116
166
168
379
360
177
234
233
422
286
303
367
526
277
569
439
315
647
460
530
604
304
155
465
584
62
472
327
463
185
488
357
183
116
111
558
253
247
476
427
166
160
114
186
494
146
512
241
229
256
250
77
650
528
176
671
599
550
251
181
187
252
359
588
335
402
194
495
308
244
289
613
247
422
420
119
73
442
264
421
597
476
524
296
498
360
660
662
202
179
318
261
611
642
238
484
154
338
91
636
112
498
244
237
124
63
146
77
646
171
470
349
188
184
377
639
371
458
192
315
452
568
68
598
654
415
662
244
60
457
61
201
167
341
335
579
89
315
529
225
138
623
224
301
192
166
577
120
631
184
392
48
68
508
214
48
406
368
473
173
502
347
616
237
379
56
535
237
580
297
506
387
536
447
390
368
629
479
468
87
323
581
281
516
83
167
146
369
142
81
47
146
211
217
58
329
667
288
240
149
594
426
468
181
236
466
239
538
304
203
668
496
71
115
486
330
296
274
552
567
566
609
288
578
632
296
447
669
202
283
283
75
531
418
218
476
384
584
594
475
463
540
414
423
584
285
629
290
541
209
479
190
552
231
317
420
327
555
339
477
151
256
52
495
405
291
109
141
506
601
635
176
590
199
157
453
88
550
568
513
281
470
286
191
659
160
416
292
397
541
287
386
183
135
473
253
312
431
617
219
394
203
665
185
221
129
495
127
643
95
406
131
567
554
473
431
488
477
247
236
81
459
192
160
286
611
203
646
331
128
218
609
56
106
568
77
462
117
215
496
92
440
65
576
587
275
115
246
250
319
97
385
122
469
382
136
469
569
59
169
193
329
661
124
141
44
368
636
181
108
668
312
398
454
562
171
268
652
66
354
550
53
72
191
179
99
585
459
540
208
219
540
303
589
130
76
468
502
285
360
582
335
120
328
338
570
453
630
446
338
286
544
203
151
503
566
493
348
446
471
406
113
299
570
361
164
224
141
189
353
596
613
323
581
52
583
640
634
80
515
436
613
214
221
342
127
584
320
400
554
370
476
316
450
178
151
112
147
231
211
470
97
447
321
607
295
211
599
451
592
373
115
585
151
114
637
396
260
576
219
646
374
332
313
88
488
513
594
118
126
654
557
362
383
458
156
249
648
580
181
549
573
558
450
407
581
70
597
553
289
645
422
435
405
74
421
551
489
464
279
62
170
536
121
385
379
540
406
296
467
578
633
197
319
504
608
293
206
592
183
322
319
441
135
81
107
318
199
398
614
456
187
335
565
654
623
555
46
624
55
214
74
320
203
440
396
517
334
557
386
595
112
616
460
199
181
560
175
440
212
442
532
188
481
513
106
44
278
293
546
94
210
528
670
397
465
619
528
61
79
156
464
655
442
663
285
147
67
633
627
579
426
320
87
180
582
481
302
54
255
588
160
488
153
156
542
81
97
621
105
218
562
288
576
466
164
249
227
655
626
106
170
366
344
176
203
100
197
524
472
387
340
46
111
601
608
364
372
164
575
315
81
350
194
267
480
664
48
224
377
203
130
276
607
477
271
631
453
152
636
64
426
62
387
608
230
669
335
77
563
132
489
287
275
375
366
510
585
567
533
321
103
402
425
171
174
